7F 55 FF 09 09 4D 01 0B 00 00 00 02 00 BF
7f 55 %02x 08 01 01
7f 55 00 01 01 01
7f 55 00 02 01 %02X
7f 55 00 02 01 01
7f 55 00 02 01 02
7f 55 00 02 01 03
7f 55 00 02 01 04
7f 55 00 02 01 05
7f 55 00 02 01 06
7f 55 00 02 01 07
7f 55 00 02 01 08
7f 55 00 02 01 09
7f 55 00 02 01 0A
7f 55 00 02 01 0B
7f 55 00 02 01 0C
7f 55 00 02 01 0D
7f 55 00 02 01 0E
7f 55 00 02 01 0F
7f 55 00 02 01 10
7f 55 00 02 01 11
7f 55 00 02 01 12
7f 55 00 02 01 13
7f 55 00 02 01 14
7f 55 00 02 01 15
7f 55 00 02 01 16
7f 55 00 02 01 17
7f 55 00 02 01 18
7f 55 00 02 01 19
7f 55 00 02 01 1A
7f 55 00 02 01 1B
7f 55 00 02 01 1C
7f 55 00 02 01 1D
7f 55 00 02 01 1E
7f 55 00 02 01 1F
7f 55 00 02 01 20
7f 55 00 02 01 21
7f 55 00 02 01 22
7f 55 00 02 01 23
7f 55 00 02 01 24
7f 55 00 02 01 25
7f 55 00 02 01 26
7f 55 00 02 01 27
7f 55 00 02 01 28
7f 55 00 02 01 29
7f 55 00 02 01 2A
7f 55 00 02 01 2B
7f 55 00 02 01 2C
7f 55 00 02 01 2D
7f 55 00 02 01 2E
7f 55 00 02 01 2F
7f 55 00 02 01 30
7f 55 00 02 01 31
7f 55 00 02 01 32
7f 55 00 02 01 33
7f 55 00 02 01 34
7f 55 00 02 01 35
7f 55 00 02 01 36
7f 55 00 02 01 37
7f 55 00 02 01 38
7f 55 00 02 01 39
7f 55 00 02 01 3A
7f 55 00 02 01 3B
7f 55 00 02 01 3C
7f 55 00 02 01 3D
7f 55 00 02 01 3E
7f 55 00 02 01 3F
7f 55 00 02 01 40
7f 55 00 02 01 41
7f 55 00 02 01 42
7f 55 00 02 01 43
7f 55 00 02 01 44
7f 55 00 02 01 45
7f 55 00 02 01 46
7f 55 00 02 01 47
7f 55 00 02 01 48
7f 55 00 02 01 49
7f 55 00 02 01 4A
7f 55 00 02 01 4B
7f 55 00 02 01 4C
7f 55 00 02 01 4D
7f 55 00 02 01 4E
7f 55 00 02 01 4F
7f 55 00 02 01 50
7f 55 00 02 01 51
7f 55 00 02 01 52
7f 55 00 02 01 53
7f 55 00 02 01 54
7f 55 00 02 01 55
7f 55 00 02 01 56
7f 55 00 02 01 57
7f 55 00 02 01 58
7f 55 00 02 01 59
7f 55 00 02 01 5A
7f 55 00 02 01 5B
7f 55 00 02 01 5C
7f 55 00 02 01 5D
7f 55 00 02 01 5E
7f 55 00 02 01 5F
7f 55 00 02 01 60
7f 55 00 02 01 61
7f 55 00 02 01 62
7f 55 00 02 01 63
7f 55 00 02 01 64
7f 55 00 02 01 65
7f 55 00 02 01 66
7f 55 00 02 01 67
7f 55 00 02 01 68
7f 55 00 02 01 69
7f 55 00 02 01 6A
7f 55 00 02 01 6B
7f 55 00 02 01 6C
7f 55 00 02 01 6D
7f 55 00 02 01 6E
7f 55 00 02 01 6F
7f 55 00 02 01 70
7f 55 00 02 01 71
7f 55 00 02 01 72
7f 55 00 02 01 73
7f 55 00 02 01 74
7f 55 00 02 01 75
7f 55 00 02 01 76
7f 55 00 02 01 77
7f 55 00 02 01 78
7f 55 00 02 01 79
7f 55 00 02 01 7A
7f 55 00 02 01 7B
7f 55 00 02 01 7C
7f 55 00 02 01 7D
7f 55 00 02 01 7E
7f 55 00 02 01 7F
7f 55 00 02 01 80
7f 55 01 07 04 00 01 00 01
7f 55 01 09 08 01 0B 00 00 00 04 00 BF
7f 55 01 0C 01 00
7f 55 05 07 04 00 01 00 01
7f 55 05 09 08 01 0B 00 00 00 03 00 BF
7f 55 05 0C 01 00
7f 55 09 07 04 00 01 00 01
7f 55 09 09 08 01 0B 00 00 00 03 00 BF
7f 55 09 0C 01 00
7f 55 0D 07 04 00 01 00 01
7f 55 0D 09 08 01 0B 00 00 00 02 00 BF
7f 55 0D 0C 01 00
7f 55 FF 06 06 00 03 00 00 00 00 
7f 55 FF 06 06 00 0c 00 00 00 00 
7f 55 FF 06 06 00 30 00 00 00 00 
7f 55 FF 06 06 00 c0 00 00 00 00 
7f 55 FF 06 06 03 00 00 00 00 00 
7f 55 FF 06 06 0c 00 00 00 00 00 
7f 55 FF 06 06 30 00 00 00 00 00 
7f 55 FF 06 06 c0 00 00 00 00 00 
7f 55 FF 06 06 ff ff ff ff ff ff 
7f 55 FF 09 08 40 fb 00 00 00 06 40 6d
7f 55 FF 09 08 80 fb 00 00 00 06 40 6d
7f 55 FF 09 08 C0 fb 00 00 00 06 40 6d
7f 55 FF 0c 39 1b 5a 00 00 00 00 00 00 00 00 00 00 00 00 00 00 00 00 01 81 2e 88 54 c2 f2 11 5d 52 ad 94 6a 84 ac 78 5a 1b 1e b7 46 4d 88 a4 ba e7 14 89 ae 18 e6 04 5b f5 be 32 11 76 00
7f 55 FF 0c 39 1b 5a 00 00 00 00 00 00 00 00 00 00 00 00 00 00 00 00 01 81 2e 88 54 c2 f2 11 5d 52 ad 94 6a 84 ac 78 5a 1b 1e b7 46 4d 88 a4 ba e7 14 89 ae 18 e6 04 5b f5 be 32 11 76 01
7f 55 ff 02 01 00
7f 55 ff 05 03 d4 fd 4f
7f 55 ff 07 04 ff ff 00 00
7f 55 ff 09 01 00 dd
7f 55 ff 09 01 01 de
7f 55 ff 09 08 00 fb 00 00 00 06 40 6d
7f 55 ff 09 08 01 0b 00 00 00 %02x %02x 8a
7f 55 ff 09 08 01 0b 00 00 00 07 80 8a
7f 55 ff 0b 02 00 19
7f 55 ff 0c
7f 55 ff 0d 01 %02X
7f 55 ff 80 06 00 00 00 00 00 00 59
7f 55 ff 81 01 00
7f 55 ff 81 01 00 55
7f 55 ff 8e 01 30
